Webots Project File version R2021a
perspectives: 000000ff00000000fd00000003000000000000023000000560fc0100000003fb0000001e00480074006d006c0052006f0062006f007400570069006e0064006f00770000000000000002300000000000000000fb0000001e00480074006d006c0052006f0062006f007400570069006e0064006f00770000000000000002300000000000000000fb0000001a0044006f00630075006d0065006e0074006100740069006f006e0000000000ffffffff0000005400ffffff000000010000007f000002e2fc0200000001fb0000001400540065007800740045006400690074006f00720000000015000002e20000003e00ffffff000000030000078000000107fc0100000002fb0000001a0043006f006e0073006f006c00650041006c006c0041006c006c0100000000000007800000005400fffffffb0000000e0043006f006e0073006f006c006501000000000000055f000000000000000000000780000002eb00000001000000020000000100000008fc00000000
simulationViewPerspectives: 000000ff000000010000000200000118000008e20100000006010000000100
sceneTreePerspectives: 000000ff0000000100000002000000c0000001090100000006010000000200
maximizedDockId: -1
centralWidgetVisible: 1
projectionMode: PERSPECTIVE
renderingMode: PLAIN
orthographicViewHeight: 5.12694
textFiles: -1
consoles: Console:All:All
renderingDevicePerspectives: Create1:CAM1;1;0.51;0;0
renderingDevicePerspectives: Create2:CAM2;0;0.0914286;0;0
x3dExport-shadowBias: 0
x3dExport-shadowMapSize: 512
x3dExport-shadowRadius: 0
